"yU1","yU2","yU3","yU4","yU5","yU6","yU7","yU8","yU9","yU10","yU11","yU12","yU13","yU14","yU15","yU16","yU17","yU18","yU19","yU20","yU21","yU22","yU23","yU24","yU25","yU26","yU27","yU28","yU29","yU30","yU31","yU32","yU33","yU34","yU35","yU36","yU37","yU38","yU39","yU40","yU41","yU42","yU43","yU44"
1,0.907759100668583,0.741068831832639,0.968835370647473,0.504767766362897,0.544524976746219,0.527829574702507,0.803172492443386,0.781489079941053,0.712366118080602,0.409662421310778,0.781685886083797,0.697228085638151,0.565118011781393,0.519756664454375,0.45020975708821,0.436432508912771,0.222874212483772,0.403942014583736,0.474559987713439,0.356362630939642,0.399914608955413,0.337989841457149,0.274218856418289,0.327376409412827,0.277431713496239,0.378205461230377,0.598765665813751,0.0142879843369808,0.28012789052609,0.272324826304564,0.297177501799812,0.324338415005704,0.200399998876132,0.418341078593869,0.191519388706359,0.319641463942516,0.252507859969358,0.260074254772111,0.253351308051558,0.333139900550062,0.317922624866768,0.489568132319766,0.241758682704141
0.907759100668583,1,0.599509937212064,0.920283238129049,0.588439417896239,0.414327642247557,0.371534630849177,0.910378250850049,0.826197965882258,0.646181704771969,0.253578286886976,0.763142444833471,0.638937383822791,0.455121959135315,0.37317077578047,0.295437757314969,0.253405971536571,0.0874685308554276,0.268526312200393,0.314474673249058,0.282024000298937,0.287214212410226,0.235830374579858,0.136618635056703,0.240740371204453,0.190665807312698,0.282986119079149,0.510400618899549,-0.0934351441172192,0.196815394350098,0.180629278164039,0.156418960939576,0.211188931458046,0.118832520122409,0.275070588394016,0.0930327865451245,0.219562645771467,0.139727262865315,0.159351169495949,0.149273582701927,0.205120956635745,0.234324292496206,0.3288417554634,0.109905564340591
0.741068831832639,0.599509937212064,1,0.700021248542015,0.310621027412717,0.780338649137809,0.777506619799744,0.516218231780739,0.534939468398386,0.592425259825871,0.483883162738962,0.5909334238035,0.55626882457562,0.53170516125638,0.584734073468292,0.614039099159738,0.590349478102094,0.459547140158011,0.571844973563008,0.565767882955425,0.468912744036558,0.463217676240327,0.472249971875967,0.321267326413758,0.418040852213351,0.196708895760032,0.341662721539888,0.530023288230033,0.157300010338914,0.17177518302687,0.441577369432558,0.392051102549653,0.35419364379728,0.346914450814495,0.586838701388574,0.365674497228795,0.471020980746178,0.384739405658267,0.375450869546683,0.434312101785074,0.497987480461152,0.430397297975935,0.641880673359883,0.493860461749142
0.968835370647473,0.920283238129049,0.700021248542015,1,0.529554559737244,0.522486733310642,0.502420616292309,0.813706372790472,0.789274805217521,0.701559438623298,0.348824807820849,0.764093688828827,0.692851200231241,0.524881856102878,0.472781870132178,0.438930923421922,0.429042444461402,0.192243042077975,0.387737272306384,0.45976806380772,0.351416352643949,0.401462076521012,0.327170903256791,0.254428886847032,0.333576758090403,0.280553940559993,0.373474296994483,0.595395799753139,0.00233554812291797,0.272193081585591,0.283894690187421,0.277458760570393,0.311127590567661,0.184572596100506,0.415588218271198,0.171920054508705,0.284502126463061,0.267682182567473,0.255426391796801,0.242377776721374,0.309198724525668,0.338496742812807,0.479545234403152,0.196056292973574
0.504767766362897,0.588439417896239,0.310621027412717,0.529554559737244,1,0.278195680489889,0.2679589344262,0.528584186843074,0.602470082923861,0.239231084567567,0.0635687888154142,0.447390083591087,0.486729905613135,0.172912168223649,0.128757263208289,0.161347344063419,0.13922815137927,-0.0200430979492271,0.158222257652165,0.112960354431263,0.174225412775682,0.0190024074388695,0.145187228964673,0.0261068817141273,0.219790468548913,0.0729759290529958,0.0511985239919214,0.387314115372928,-0.056298867701722,0.205226080481968,0.194802133579777,-0.0484677889622253,0.0186669292808597,0.0878542638335531,0.0717533664076907,-0.00987069114672011,0.0673050260642355,0.0138725015841852,0.00762338021600897,0.181098810494339,0.136946317936322,0.154094280837938,0.147007635826082,0.0360879807393687
0.544524976746219,0.414327642247557,0.780338649137809,0.522486733310642,0.278195680489889,1,0.951307563628575,0.353876593297156,0.432387897146188,0.531765588371504,0.43725603321924,0.519114094968071,0.5275041638473,0.44486956563604,0.554520541824365,0.65425018745115,0.673523950053845,0.541973870056177,0.603303417408031,0.596046730717144,0.469847540013076,0.405497342401904,0.473656844202367,0.30865940126036,0.400939963565513,0.0558033142988875,0.329531138129536,0.536710816714615,0.217121033836219,0.13921043358079,0.474418191275885,0.39048693304168,0.381229693127122,0.421094792471347,0.542131291687155,0.439332143166282,0.46008021338775,0.366817615198218,0.332937836363762,0.520876767927607,0.556487262538589,0.429783656965707,0.666454049665304,0.581679120312033
0.527829574702507,0.371534630849177,0.777506619799744,0.502420616292309,0.2679589344262,0.951307563628575,1,0.311788921457986,0.405146456474666,0.503855450313408,0.40703222797588,0.464931219809808,0.473370468917221,0.394032439027425,0.472805781349044,0.594017594053316,0.62466811341351,0.540391388136034,0.529754325116652,0.550695234032799,0.423505797286681,0.384311575569848,0.419017348700326,0.295317374954413,0.364822867956968,0.0683612258213078,0.301938510019945,0.47146084862104,0.22029400151179,0.151508845832662,0.458272817657206,0.348020055432881,0.347837019127476,0.384470195556842,0.485703149336005,0.388582975087871,0.431968218043374,0.337775572912305,0.309606126835602,0.496946454486785,0.50773465345368,0.401764385000102,0.626470902495834,0.571463234529924
0.803172492443386,0.910378250850049,0.516218231780739,0.813706372790472,0.528584186843074,0.353876593297156,0.311788921457986,1,0.859253926074647,0.712492744140545,0.243540110754023,0.858944288464762,0.719687896530832,0.559960267509083,0.453778937602164,0.300282297254345,0.260786302104858,0.121832635421292,0.303353316897345,0.379701909417038,0.252808838654285,0.299304083080271,0.207321043380078,0.133651585725354,0.232305024342599,0.0913848524145505,0.340377971123808,0.584522112677868,-0.0533538581150605,0.208375187883076,0.181918337823614,0.223870671284629,0.301655580994336,0.11987158900605,0.287908976623714,0.115904468320453,0.239409325512604,0.163158039580579,0.140035966028997,0.14929986356638,0.231821395924751,0.227862866160364,0.339855426297138,0.135055063337432
0.781489079941053,0.826197965882258,0.534939468398386,0.789274805217521,0.602470082923861,0.432387897146188,0.405146456474666,0.859253926074647,1,0.667725214879155,0.328630178516741,0.857656277174096,0.830875857630914,0.585179520929283,0.509425115567032,0.41560578286371,0.347546272591483,0.27951265425976,0.41676123601796,0.499346815351257,0.433713330841592,0.39180729089129,0.377058179926589,0.289640336178368,0.389643371402237,0.257969544087181,0.461262219580783,0.696519267413599,0.0260519749549021,0.272423164738711,0.370948404388151,0.32007523332077,0.426304220881081,0.301726198923583,0.402445164419389,0.29137042017426,0.421171408475706,0.300973165255074,0.305114533256738,0.362161074895881,0.391791834395793,0.360788900085209,0.443160382539944,0.290255261508926
0.712366118080602,0.646181704771969,0.592425259825871,0.701559438623298,0.239231084567567,0.531765588371504,0.503855450313408,0.712492744140545,0.667725214879155,1,0.439333293179013,0.820900306373155,0.761388717425825,0.808601756431128,0.743877685654812,0.609635518301164,0.658115405905592,0.459492083255891,0.587108100984722,0.664236709377129,0.378412529241161,0.512873022053696,0.353014424536995,0.366910554927509,0.34691248533258,0.275672725691287,0.640258905416356,0.724081550934104,0.106527800593746,0.16704789537892,0.348162701862989,0.544096305460237,0.593290789345398,0.305681081797131,0.585855429803124,0.326249288938853,0.393164678592426,0.394163644953698,0.340431292589441,0.367342204958187,0.476709955475012,0.453643693900338,0.59255618801997,0.410226723588166
0.409662421310778,0.253578286886976,0.483883162738962,0.348824807820849,0.0635687888154142,0.43725603321924,0.40703222797588,0.243540110754023,0.328630178516741,0.439333293179013,1,0.397997029189134,0.384281016231973,0.505755782442456,0.545818624902468,0.55080421816342,0.569878688540129,0.543996872196418,0.564917504822842,0.561171154072143,0.464112859149377,0.530099094273021,0.516704209354666,0.466296802541418,0.31803459601885,0.263963258750832,0.528695388910883,0.374605214821947,0.205945575939191,0.212451675382507,0.382387983364274,0.48448972994593,0.494066507729377,0.472713773610384,0.515853184434988,0.495518779087931,0.547020812252735,0.325321344287858,0.324065364899248,0.450540955734231,0.456519612556097,0.363672014670181,0.589288458942569,0.629808055941814
0.781685886083797,0.763142444833471,0.5909334238035,0.764093688828827,0.447390083591087,0.519114094968071,0.464931219809808,0.858944288464762,0.857656277174096,0.820900306373155,0.397997029189134,1,0.864760281240427,0.804738585029478,0.729916029211839,0.543077633564746,0.52324091934887,0.348495568106685,0.540812712855544,0.602143683066615,0.40257539581913,0.450952162417646,0.360230207347954,0.374571546506524,0.359147181036617,0.203551270482262,0.539288272626203,0.818462918879009,0.0628073950906524,0.278948468261505,0.342729289360752,0.481117946059238,0.519356738207965,0.313048588341158,0.497277742155301,0.303354863580148,0.430181499680115,0.352940352724645,0.329786079526713,0.373429691713535,0.468514779163418,0.382593739903587,0.526514793856976,0.345924408794732
0.697228085638151,0.638937383822791,0.55626882457562,0.692851200231241,0.486729905613135,0.5275041638473,0.473370468917221,0.719687896530832,0.830875857630914,0.761388717425825,0.384281016231973,0.864760281240427,1,0.773406766928621,0.723883959994666,0.620788828885698,0.611410719347132,0.466331650133882,0.623369195787106,0.687095877228523,0.52882068651398,0.452898407026537,0.478403700478482,0.402470708692664,0.480916311068499,0.32137705345532,0.558353370312751,0.897278866001449,0.106438084557739,0.34909410522008,0.49648049986162,0.456350443213328,0.542108354358696,0.430004481552578,0.541388753471665,0.40719775399677,0.511940014148259,0.445340081086925,0.401833345711729,0.522029357301924,0.534619432354759,0.513417280530044,0.639380829199333,0.445525817513199
0.565118011781393,0.455121959135315,0.53170516125638,0.524881856102878,0.172912168223649,0.44486956563604,0.394032439027425,0.559960267509083,0.585179520929283,0.808601756431128,0.505755782442456,0.804738585029478,0.773406766928621,1,0.925992561192179,0.68637030718996,0.692637907745459,0.466449332709658,0.678207821886456,0.74974787717457,0.464267020491177,0.508085413420593,0.460132254837708,0.497772227080817,0.387252129671097,0.339193151443732,0.66294603627336,0.797996759848584,0.216835570254439,0.269009982637034,0.423673600312267,0.632264988983917,0.651075252302188,0.449100984775076,0.623167633849019,0.432277348107058,0.524026415479358,0.484760415721876,0.449061573459749,0.504694996880972,0.602635516504714,0.506577623312329,0.624493569969876,0.497248408640635
0.519756664454375,0.37317077578047,0.584734073468292,0.472781870132178,0.128757263208289,0.554520541824365,0.472805781349044,0.453778937602164,0.509425115567032,0.743877685654812,0.545818624902468,0.729916029211839,0.723883959994666,0.925992561192179,1,0.799778258175259,0.787152205938136,0.571097715132274,0.775877199957603,0.828252341375463,0.547511805289731,0.564888218734847,0.529517017928499,0.57534144224198,0.444246410298067,0.288526532537679,0.665705698879331,0.781355383328992,0.304505073155842,0.275600101984492,0.542293025105858,0.707497190517749,0.718630538558553,0.561335912149007,0.746955352795226,0.551552671786031,0.605756413202238,0.572800548626102,0.55860755819122,0.601684698919313,0.726388417380003,0.607868370020084,0.688441030832921,0.619155043393278
0.45020975708821,0.295437757314969,0.614039099159738,0.438930923421922,0.161347344063419,0.65425018745115,0.594017594053316,0.300282297254345,0.41560578286371,0.609635518301164,0.55080421816342,0.543077633564746,0.620788828885698,0.68637030718996,0.799778258175259,1,0.884229394652744,0.766636525120285,0.891124928137747,0.836841828342573,0.733227003188745,0.736737933457813,0.691165918594602,0.640925539336926,0.641274183066918,0.379223238986391,0.726182012639469,0.711128360317662,0.445319981156096,0.31306607804311,0.758769397725371,0.773360017455961,0.756707725831311,0.699386648756304,0.851632593633525,0.726642950334926,0.722694051718905,0.770863832617816,0.712648211548594,0.80045900782499,0.888961737663272,0.753337188944261,0.873893890635653,0.828453521705728
0.436432508912771,0.253405971536571,0.590349478102094,0.429042444461402,0.13922815137927,0.673523950053845,0.62466811341351,0.260786302104858,0.347546272591483,0.658115405905592,0.569878688540129,0.52324091934887,0.611410719347132,0.692637907745459,0.787152205938136,0.884229394652744,1,0.749696071222185,0.857758592061851,0.729028511575205,0.612497554961945,0.581790693428848,0.592103221265895,0.539647976549832,0.51378798891315,0.301329605538086,0.60752930883684,0.679564140100954,0.393021297908643,0.314912581755853,0.64997167489853,0.641296925104504,0.63265186130516,0.59217041849519,0.744743216767112,0.63145421739691,0.616989889391157,0.63233845464822,0.56747475854457,0.696659437413627,0.725368020565417,0.669576739962572,0.853441458501038,0.761705927254377
0.222874212483772,0.0874685308554276,0.459547140158011,0.192243042077975,-0.0200430979492271,0.541973870056177,0.540391388136034,0.121832635421292,0.27951265425976,0.459492083255891,0.543996872196418,0.348495568106685,0.466331650133882,0.466449332709658,0.571097715132274,0.766636525120285,0.749696071222185,1,0.787730301230866,0.685201553005864,0.613689118825988,0.58700115878644,0.544013624019986,0.521364437589493,0.494347919412549,0.270803472160831,0.554867109169395,0.493340074171983,0.439377784694759,0.276473429535085,0.698825632448684,0.582088756600445,0.603782910544152,0.64191344886754,0.673496608930657,0.719074060568776,0.712879028031925,0.643679818451539,0.582025883057661,0.761131084452794,0.705848714169083,0.598681417608121,0.810510295145374,0.869604955261845
0.403942014583736,0.268526312200393,0.571844973563008,0.387737272306384,0.158222257652165,0.603303417408031,0.529754325116652,0.303353316897345,0.41676123601796,0.587108100984722,0.564917504822842,0.540812712855544,0.623369195787106,0.678207821886456,0.775877199957603,0.891124928137747,0.857758592061851,0.787730301230866,1,0.786189756504307,0.683755774482781,0.678271147909916,0.659198301434886,0.587863564375537,0.544326185790347,0.288396756516836,0.60833294079838,0.684773126015128,0.352691558201759,0.316184638137385,0.691308889520565,0.677337089471959,0.684095041095168,0.683533930595521,0.775062447660004,0.678115170366098,0.729885118391264,0.656903327758925,0.583028442647035,0.761922140327034,0.798697349732734,0.672358927124564,0.866812986010199,0.803675973500913
0.474559987713439,0.314474673249058,0.565767882955425,0.45976806380772,0.112960354431263,0.596046730717144,0.550695234032799,0.379701909417038,0.499346815351257,0.664236709377129,0.561171154072143,0.602143683066615,0.687095877228523,0.74974787717457,0.828252341375463,0.836841828342573,0.729028511575205,0.685201553005864,0.786189756504307,1,0.619314894344168,0.716511071978844,0.631400681010635,0.612742023854118,0.585238092341637,0.351864922940216,0.73194775986783,0.694589903480167,0.406114219999013,0.340261255701576,0.661790432312867,0.749580678086917,0.803213482398577,0.700001944008714,0.818273970653411,0.671352098743946,0.733835276502662,0.66299983072829,0.64100967742219,0.687750615535691,0.790679700063281,0.675313887898929,0.760561318495132,0.706849469774738
0.356362630939642,0.282024000298937,0.468912744036558,0.351416352643949,0.174225412775682,0.469847540013076,0.423505797286681,0.252808838654285,0.433713330841592,0.378412529241161,0.464112859149377,0.40257539581913,0.52882068651398,0.464267020491177,0.547511805289731,0.733227003188745,0.612497554961945,0.613689118825988,0.683755774482781,0.619314894344168,1,0.709590592913912,0.917503646818361,0.628319102177732,0.866940437897497,0.501952850635669,0.629495349099917,0.498373854013958,0.556678128334421,0.556373396482303,0.905418062546872,0.532657002217605,0.614355925560085,0.824668764915459,0.707144383202933,0.838802691579849,0.860685171394623,0.786907082977154,0.748071078496045,0.883258550662344,0.804529991296597,0.81993034283955,0.670935078379418,0.692842145454252
0.399914608955413,0.287214212410226,0.463217676240327,0.401462076521012,0.0190024074388695,0.405497342401904,0.384311575569848,0.299304083080271,0.39180729089129,0.512873022053696,0.530099094273021,0.450952162417646,0.452898407026537,0.508085413420593,0.564888218734847,0.736737933457813,0.581790693428848,0.58700115878644,0.678271147909916,0.716511071978844,0.709590592913912,1,0.669211375739605,0.781514363166872,0.699417838237954,0.446431792777662,0.800214169464742,0.489322225312922,0.432198905360364,0.393828162464857,0.682806863797084,0.81276011961779,0.79696788981941,0.597932586974369,0.838290908369989,0.655612512312138,0.666916515882428,0.800982795403598,0.770057446534778,0.677188160981561,0.76585067214727,0.719090228953941,0.669806474824843,0.605609581079198
0.337989841457149,0.235830374579858,0.472249971875967,0.327170903256791,0.145187228964673,0.473656844202367,0.419017348700326,0.207321043380078,0.377058179926589,0.353014424536995,0.516704209354666,0.360230207347954,0.478403700478482,0.460132254837708,0.529517017928499,0.691165918594602,0.592103221265895,0.544013624019986,0.659198301434886,0.631400681010635,0.917503646818361,0.669211375739605,1,0.533524673649616,0.85402222124341,0.471461074879431,0.564680622149973,0.42393243360386,0.490819826452575,0.527948910978258,0.847456498405204,0.492576611280942,0.535098181011516,0.835047722103112,0.687445798269716,0.771893212666535,0.840711258898093,0.712722951738342,0.671099571168436,0.813066459324765,0.730873938406359,0.813302669616711,0.65005716772446,0.638228098622588
0.274218856418289,0.136618635056703,0.321267326413758,0.254428886847032,0.0261068817141273,0.30865940126036,0.295317374954413,0.133651585725354,0.289640336178368,0.366910554927509,0.466296802541418,0.374571546506524,0.402470708692664,0.497772227080817,0.57534144224198,0.640925539336926,0.539647976549832,0.521364437589493,0.587863564375537,0.612742023854118,0.628319102177732,0.781514363166872,0.533524673649616,1,0.621662133956898,0.493067739199972,0.767052402365482,0.517420078504303,0.56264486163247,0.466299132086934,0.643819737184759,0.779076897085018,0.81314992095664,0.532371769227866,0.732097137712682,0.560882306762844,0.530730253613745,0.818098888035825,0.832119405425053,0.642480044819633,0.750210058269685,0.641085997273879,0.531689774160931,0.535529094587177
0.327376409412827,0.240740371204453,0.418040852213351,0.333576758090403,0.219790468548913,0.400939963565513,0.364822867956968,0.232305024342599,0.389643371402237,0.34691248533258,0.31803459601885,0.359147181036617,0.480916311068499,0.387252129671097,0.444246410298067,0.641274183066918,0.51378798891315,0.494347919412549,0.544326185790347,0.585238092341637,0.866940437897497,0.699417838237954,0.85402222124341,0.621662133956898,1,0.572520615166912,0.630402512272696,0.452383238182945,0.59556329907521,0.598085324090555,0.865469061708777,0.511123875555882,0.594729524442229,0.719991524952691,0.710521812327853,0.725693371153589,0.720084574037564,0.812438411691784,0.764168429931826,0.796506079891824,0.746901214804729,0.81128569194779,0.585099803677322,0.523250282000089
0.277431713496239,0.190665807312698,0.196708895760032,0.280553940559993,0.0729759290529958,0.0558033142988875,0.0683612258213078,0.0913848524145505,0.257969544087181,0.275672725691287,0.263963258750832,0.203551270482262,0.32137705345532,0.339193151443732,0.288526532537679,0.379223238986391,0.301329605538086,0.270803472160831,0.288396756516836,0.351864922940216,0.501952850635669,0.446431792777662,0.471461074879431,0.493067739199972,0.572520615166912,1,0.532065290948827,0.287758674069741,0.231113187355659,0.273051519253536,0.463119235323854,0.361971923538008,0.449294495051297,0.411181004517037,0.39353337024979,0.387091762509249,0.394650031898623,0.491393221821382,0.484180738048334,0.439320375560245,0.426116803137324,0.484069831221999,0.308631941093637,0.32183259753192
0.378205461230377,0.282986119079149,0.341662721539888,0.373474296994483,0.0511985239919214,0.329531138129536,0.301938510019945,0.340377971123808,0.461262219580783,0.640258905416356,0.528695388910883,0.539288272626203,0.558353370312751,0.66294603627336,0.665705698879331,0.726182012639469,0.60752930883684,0.554867109169395,0.60833294079838,0.73194775986783,0.629495349099917,0.800214169464742,0.564680622149973,0.767052402365482,0.630402512272696,0.532065290948827,1,0.601271461706092,0.412703078503205,0.341817429735595,0.579220166481836,0.838232134519218,0.906615141272869,0.528854496334301,0.78124158455759,0.60352405015046,0.584964994541993,0.746223844838674,0.695952244739453,0.612360103684821,0.759049642256307,0.645615616238607,0.599969994773862,0.551259358302798
0.598765665813751,0.510400618899549,0.530023288230033,0.595395799753139,0.387314115372928,0.536710816714615,0.47146084862104,0.584522112677868,0.696519267413599,0.724081550934104,0.374605214821947,0.818462918879009,0.897278866001449,0.797996759848584,0.781355383328992,0.711128360317662,0.679564140100954,0.493340074171983,0.684773126015128,0.694589903480167,0.498373854013958,0.489322225312922,0.42393243360386,0.517420078504303,0.452383238182945,0.287758674069741,0.601271461706092,1,0.143830058001707,0.278129912858208,0.487089703884023,0.607980963429796,0.624520927215721,0.428967508879292,0.600952950433138,0.428552252195995,0.446559541931508,0.523362658927215,0.472006275454898,0.529474015182336,0.615688726895965,0.49882302345316,0.672081599855914,0.491737697843468
0.0142879843369808,-0.0934351441172192,0.157300010338914,0.00233554812291797,-0.056298867701722,0.217121033836219,0.22029400151179,-0.0533538581150605,0.0260519749549021,0.106527800593746,0.205945575939191,0.0628073950906524,0.106438084557739,0.216835570254439,0.304505073155842,0.445319981156096,0.393021297908643,0.439377784694759,0.352691558201759,0.406114219999013,0.556678128334421,0.432198905360364,0.490819826452575,0.56264486163247,0.59556329907521,0.231113187355659,0.412703078503205,0.143830058001707,1,0.659219603425234,0.642801198839962,0.432431227340893,0.456856367390613,0.44735842211183,0.494597165067547,0.519986579514928,0.503636963944419,0.699056026393898,0.684949442510757,0.612973773186371,0.591181408577501,0.542128111365536,0.390702025879029,0.412909618155149
0.28012789052609,0.196815394350098,0.17177518302687,0.272193081585591,0.205226080481968,0.13921043358079,0.151508845832662,0.208375187883076,0.272423164738711,0.16704789537892,0.212451675382507,0.278948468261505,0.34909410522008,0.269009982637034,0.275600101984492,0.31306607804311,0.314912581755853,0.276473429535085,0.316184638137385,0.340261255701576,0.556373396482303,0.393828162464857,0.527948910978258,0.466299132086934,0.598085324090555,0.273051519253536,0.341817429735595,0.278129912858208,0.659219603425234,1,0.570604052209706,0.223700217964789,0.317091280212344,0.4295293446122,0.370382240407151,0.397615777371102,0.475684442694717,0.513133970317219,0.564827509545012,0.512452080364499,0.435538113176042,0.529967267480157,0.33645203626703,0.212317979325813
0.272324826304564,0.180629278164039,0.441577369432558,0.283894690187421,0.194802133579777,0.474418191275885,0.458272817657206,0.181918337823614,0.370948404388151,0.348162701862989,0.382387983364274,0.342729289360752,0.49648049986162,0.423673600312267,0.542293025105858,0.758769397725371,0.64997167489853,0.698825632448684,0.691308889520565,0.661790432312867,0.905418062546872,0.682806863797084,0.847456498405204,0.643819737184759,0.865469061708777,0.463119235323854,0.579220166481836,0.487089703884023,0.642801198839962,0.570604052209706,1,0.562847609534491,0.619735740475899,0.811225631929894,0.743887389937537,0.815080627004301,0.794603342125824,0.846420416591965,0.80466776844604,0.929102183494624,0.840356140453047,0.903281920246055,0.702541674513554,0.721309568451776
0.297177501799812,0.156418960939576,0.392051102549653,0.277458760570393,-0.0484677889622253,0.39048693304168,0.348020055432881,0.223870671284629,0.32007523332077,0.544096305460237,0.48448972994593,0.481117946059238,0.456350443213328,0.632264988983917,0.707497190517749,0.773360017455961,0.641296925104504,0.582088756600445,0.677337089471959,0.749580678086917,0.532657002217605,0.81276011961779,0.492576611280942,0.779076897085018,0.511123875555882,0.361971923538008,0.838232134519218,0.607980963429796,0.432431227340893,0.223700217964789,0.562847609534491,1,0.900713358710679,0.493814404996731,0.798415430863296,0.572357103523375,0.529969699292875,0.761788683579265,0.713003933689695,0.578173234370707,0.772993953830292,0.607869262484677,0.660035368008161,0.598353472963676
0.324338415005704,0.211188931458046,0.35419364379728,0.311127590567661,0.0186669292808597,0.381229693127122,0.347837019127476,0.301655580994336,0.426304220881081,0.593290789345398,0.494066507729377,0.519356738207965,0.542108354358696,0.651075252302188,0.718630538558553,0.756707725831311,0.63265186130516,0.603782910544152,0.684095041095168,0.803213482398577,0.614355925560085,0.79696788981941,0.535098181011516,0.81314992095664,0.594729524442229,0.449294495051297,0.906615141272869,0.624520927215721,0.456856367390613,0.317091280212344,0.619735740475899,0.900713358710679,1,0.587255830468421,0.800417859770905,0.633368384680616,0.602773097103821,0.758228927239661,0.713675083648432,0.642768129202736,0.818403665337576,0.62165190789977,0.649996595559258,0.605263825954442
0.200399998876132,0.118832520122409,0.346914450814495,0.184572596100506,0.0878542638335531,0.421094792471347,0.384470195556842,0.11987158900605,0.301726198923583,0.305681081797131,0.472713773610384,0.313048588341158,0.430004481552578,0.449100984775076,0.561335912149007,0.699386648756304,0.59217041849519,0.64191344886754,0.683533930595521,0.700001944008714,0.824668764915459,0.597932586974369,0.835047722103112,0.532371769227866,0.719991524952691,0.411181004517037,0.528854496334301,0.428967508879292,0.44735842211183,0.4295293446122,0.811225631929894,0.493814404996731,0.587255830468421,1,0.646475649512724,0.846090999796955,0.891326017500269,0.680178979899951,0.657506415702544,0.793089353653851,0.736371087641095,0.736363580033829,0.601190524834151,0.736175963098038
0.418341078593869,0.275070588394016,0.586838701388574,0.415588218271198,0.0717533664076907,0.542131291687155,0.485703149336005,0.287908976623714,0.402445164419389,0.585855429803124,0.515853184434988,0.497277742155301,0.541388753471665,0.623167633849019,0.746955352795226,0.851632593633525,0.744743216767112,0.673496608930657,0.775062447660004,0.818273970653411,0.707144383202933,0.838290908369989,0.687445798269716,0.732097137712682,0.710521812327853,0.39353337024979,0.78124158455759,0.600952950433138,0.494597165067547,0.370382240407151,0.743887389937537,0.798415430863296,0.800417859770905,0.646475649512724,1,0.68389011444933,0.706645679305941,0.80752945562636,0.773244364144628,0.726003698251359,0.859316173584295,0.793145743912179,0.724752495025941,0.696949446878701
0.191519388706359,0.0930327865451245,0.365674497228795,0.171920054508705,-0.00987069114672011,0.439332143166282,0.388582975087871,0.115904468320453,0.29137042017426,0.326249288938853,0.495518779087931,0.303354863580148,0.40719775399677,0.432277348107058,0.551552671786031,0.726642950334926,0.63145421739691,0.719074060568776,0.678115170366098,0.671352098743946,0.838802691579849,0.655612512312138,0.771893212666535,0.560882306762844,0.725693371153589,0.387091762509249,0.60352405015046,0.428552252195995,0.519986579514928,0.397615777371102,0.815080627004301,0.572357103523375,0.633368384680616,0.846090999796955,0.68389011444933,1,0.853864019792928,0.747681317318785,0.706611541567492,0.814117881787502,0.763376610227362,0.75681685832572,0.669678061154124,0.772200601317177
0.319641463942516,0.219562645771467,0.471020980746178,0.284502126463061,0.0673050260642355,0.46008021338775,0.431968218043374,0.239409325512604,0.421171408475706,0.393164678592426,0.547020812252735,0.430181499680115,0.511940014148259,0.524026415479358,0.605756413202238,0.722694051718905,0.616989889391157,0.712879028031925,0.729885118391264,0.733835276502662,0.860685171394623,0.666916515882428,0.840711258898093,0.530730253613745,0.720084574037564,0.394650031898623,0.584964994541993,0.446559541931508,0.503636963944419,0.475684442694717,0.794603342125824,0.529969699292875,0.602773097103821,0.891326017500269,0.706645679305941,0.853864019792928,1,0.698599436059552,0.673493183570965,0.799887597156195,0.755413197520819,0.713092587864567,0.660822390389574,0.77169351538909
0.252507859969358,0.139727262865315,0.384739405658267,0.267682182567473,0.0138725015841852,0.366817615198218,0.337775572912305,0.163158039580579,0.300973165255074,0.394163644953698,0.325321344287858,0.352940352724645,0.445340081086925,0.484760415721876,0.572800548626102,0.770863832617816,0.63233845464822,0.643679818451539,0.656903327758925,0.66299983072829,0.786907082977154,0.800982795403598,0.712722951738342,0.818098888035825,0.812438411691784,0.491393221821382,0.746223844838674,0.523362658927215,0.699056026393898,0.513133970317219,0.846420416591965,0.761788683579265,0.758228927239661,0.680178979899951,0.80752945562636,0.747681317318785,0.698599436059552,1,0.907320572419304,0.788211127251681,0.848221068710645,0.843023987142678,0.657195449880972,0.622196490226384
0.260074254772111,0.159351169495949,0.375450869546683,0.255426391796801,0.00762338021600897,0.332937836363762,0.309606126835602,0.140035966028997,0.305114533256738,0.340431292589441,0.324065364899248,0.329786079526713,0.401833345711729,0.449061573459749,0.55860755819122,0.712648211548594,0.56747475854457,0.582025883057661,0.583028442647035,0.64100967742219,0.748071078496045,0.770057446534778,0.671099571168436,0.832119405425053,0.764168429931826,0.484180738048334,0.695952244739453,0.472006275454898,0.684949442510757,0.564827509545012,0.80466776844604,0.713003933689695,0.713675083648432,0.657506415702544,0.773244364144628,0.706611541567492,0.673493183570965,0.907320572419304,1,0.751924457324582,0.795137686804881,0.802795402543369,0.594595640569814,0.579584078608616
0.253351308051558,0.149273582701927,0.434312101785074,0.242377776721374,0.181098810494339,0.520876767927607,0.496946454486785,0.14929986356638,0.362161074895881,0.367342204958187,0.450540955734231,0.373429691713535,0.522029357301924,0.504694996880972,0.601684698919313,0.80045900782499,0.696659437413627,0.761131084452794,0.761922140327034,0.687750615535691,0.883258550662344,0.677188160981561,0.813066459324765,0.642480044819633,0.796506079891824,0.439320375560245,0.612360103684821,0.529474015182336,0.612973773186371,0.512452080364499,0.929102183494624,0.578173234370707,0.642768129202736,0.793089353653851,0.726003698251359,0.814117881787502,0.799887597156195,0.788211127251681,0.751924457324582,1,0.872548294075465,0.820044271089767,0.740793518522688,0.775470925456829
0.333139900550062,0.205120956635745,0.497987480461152,0.309198724525668,0.136946317936322,0.556487262538589,0.50773465345368,0.231821395924751,0.391791834395793,0.476709955475012,0.456519612556097,0.468514779163418,0.534619432354759,0.602635516504714,0.726388417380003,0.888961737663272,0.725368020565417,0.705848714169083,0.798697349732734,0.790679700063281,0.804529991296597,0.76585067214727,0.730873938406359,0.750210058269685,0.746901214804729,0.426116803137324,0.759049642256307,0.615688726895965,0.591181408577501,0.435538113176042,0.840356140453047,0.772993953830292,0.818403665337576,0.736371087641095,0.859316173584295,0.763376610227362,0.755413197520819,0.848221068710645,0.795137686804881,0.872548294075465,1,0.790596062116853,0.743627508657782,0.753330795779904
0.317922624866768,0.234324292496206,0.430397297975935,0.338496742812807,0.154094280837938,0.429783656965707,0.401764385000102,0.227862866160364,0.360788900085209,0.453643693900338,0.363672014670181,0.382593739903587,0.513417280530044,0.506577623312329,0.607868370020084,0.753337188944261,0.669576739962572,0.598681417608121,0.672358927124564,0.675313887898929,0.81993034283955,0.719090228953941,0.813302669616711,0.641085997273879,0.81128569194779,0.484069831221999,0.645615616238607,0.49882302345316,0.542128111365536,0.529967267480157,0.903281920246055,0.607869262484677,0.62165190789977,0.736363580033829,0.793145743912179,0.75681685832572,0.713092587864567,0.843023987142678,0.802795402543369,0.820044271089767,0.790596062116853,1,0.672964220220979,0.650986297405038
0.489568132319766,0.3288417554634,0.641880673359883,0.479545234403152,0.147007635826082,0.666454049665304,0.626470902495834,0.339855426297138,0.443160382539944,0.59255618801997,0.589288458942569,0.526514793856976,0.639380829199333,0.624493569969876,0.688441030832921,0.873893890635653,0.853441458501038,0.810510295145374,0.866812986010199,0.760561318495132,0.670935078379418,0.669806474824843,0.65005716772446,0.531689774160931,0.585099803677322,0.308631941093637,0.599969994773862,0.672081599855914,0.390702025879029,0.33645203626703,0.702541674513554,0.660035368008161,0.649996595559258,0.601190524834151,0.724752495025941,0.669678061154124,0.660822390389574,0.657195449880972,0.594595640569814,0.740793518522688,0.743627508657782,0.672964220220979,1,0.809378544830233
0.241758682704141,0.109905564340591,0.493860461749142,0.196056292973574,0.0360879807393687,0.581679120312033,0.571463234529924,0.135055063337432,0.290255261508926,0.410226723588166,0.629808055941814,0.345924408794732,0.445525817513199,0.497248408640635,0.619155043393278,0.828453521705728,0.761705927254377,0.869604955261845,0.803675973500913,0.706849469774738,0.692842145454252,0.605609581079198,0.638228098622588,0.535529094587177,0.523250282000089,0.32183259753192,0.551259358302798,0.491737697843468,0.412909618155149,0.212317979325813,0.721309568451776,0.598353472963676,0.605263825954442,0.736175963098038,0.696949446878701,0.772200601317177,0.77169351538909,0.622196490226384,0.579584078608616,0.775470925456829,0.753330795779904,0.650986297405038,0.809378544830233,1
